3
6
11
12
14
15
16
18
22
23
28
29
31
32
37
43
45
49
53
219
2074
2079
3022
3481
3549
3560
3573
3902
3903
3904
3913
3917
3918
7592
9910
9946
9952
9957
9960
9964
9971
9976
9977
9978
9981
9985
10093
10101
14952
14954
14965
14969
14970
168340
360966
125920
125922
146195
146800
146817
146819
146820
146821
146822
146824
146825
167119
167120
167121
167124
167125
167140
167141
361089
7593
3953
34539
146212
146606
146818
168329
168330
168331
168332
168335
168337
168338
168868
168908
168909
168910
168911
168912
189354
189355
189356
3897
5
9965
359942
190410
3510
125921
2867
14964
7
9
146192
9979
3952
14967
3567
35
145977
3566
9987
9986
40
146063
59
2076
9974
360948
146024
10
9892
9956
30
9890
146032
41
3512
47
9945
145793
2068
