3
6
11
12
14
15
16
18
22
23
28
29
31
32
37
43
45
49
53
219
2074
2079
3022
3481
3549
3560
3573
3902
3903
3904
3913
3917
3918
7592
9910
9946
9952
9957
9960
9964
9971
9976
9977
9978
9981
9985
10093
10101
14952
14954
14965
14969
14970
125920
125922
146195
146800
146817
146819
146820
146821
146822
146824
146825
167119
167120
167121
167124
167125
167140
167141
361089
7593
3953
34539
146212
146606
146818
168329
168330
168331
168332
168335
168337
168338
168868
168908
168909
168910
168911
168912
189354
189355
189356
3897
5
9965
359942
190410
9987
14951
3686
4774
361002
360966
41
145799
42
4828
146032
145977
168340
12732
5040
190418
2867
9945
9974
190408
7
9
24
25
27
30
35
39
40
48
50
54
59
10089
146047
361003
9892
146065
360948
9890
190420
145793
146210
146024
9984
3566
146063
146192
146206
145984
3952
3896
145847
3485
3950
3891
3954
3889
146607
3543
3561
125921
9956
3512
3567
14964
3510
9979
14967
9986
4
167211
3797
3647
3735
2068
2076
3731
3748
3602
3711
3739
3779
47
3620
3540
10
52948
2285
4729
5514
2280
5012
4850
4883
